
HOST RESULT
0 0.3106 0.2824 0.3476 0.02587 
0.3106 0 0.292 0.6274 0.03067 
0.2824 0.292 0 0.4149 0.02499 
0.3476 0.6274 0.4149 0 0.02901 
0.02587 0.03067 0.02499 0.02901 0

DEVICE RESULT
0 0.3106 0.2824 0.3476 0.02587 
0.3106 0 0.292 0.6274 0.03067 
0.2824 0.292 0 0.4149 0.02499 
0.3476 0.6274 0.4149 0 0.02901 
0.02587 0.03067 0.02499 0.02901 0